1
1
1
49
Circle
0
0
1
318
156
50
Circle
0
0
1
272
348
50
Circle
0
0
1
393
352
50
Circle
0
0
1
500
201
50
Circle
0
0
1
475
406
50
Circle
0
0
1
629
318
50
Rectangle
0
0.5
0
633
419
100
100
Rectangle
0
0.5
0
342
354
100
100
Rectangle
0
0.5
0
272
241
100
100
Circle
0
0
1
217
216
50
Circle
0
0
1
180
205
50
Circle
0
0
1
143
219
50
Circle
0
0
1
118
268
50
Circle
0
0
1
136
333
50
Circle
0
0
1
145
332
50
Circle
0
0
1
261
404
50
Circle
0
0
1
223
450
50
Circle
0
0
1
177
488
50
Circle
0
0
1
142
501
50
Circle
0
0
1
91
466
50
Circle
0
0
1
79
377
50
Circle
0
0
1
72
266
50
Circle
0
0
1
41
184
50
Circle
0
0
1
55
147
50
Circle
0
0
1
76
111
50
Circle
0
0
1
110
82
50
Circle
0
0
1
177
61
50
Circle
0
0
1
268
52
50
Circle
0
0
1
344
50
50
Circle
0
0
1
438
53
50
Circle
0
0
1
535
67
50
Circle
0
0
1
629
94
50
Circle
0
0
1
639
120
50
Circle
0
0
1
636
172
50
Circle
0
0
1
568
265
50
Circle
0
0
1
515
289
50
Circle
0
0
1
487
239
50
Circle
0
0
1
458
178
50
Circle
0
0
1
425
183
50
Circle
0
0
1
401
224
50
Circle
0
0
1
282
225
50
Circle
0
0
1
265
208
50
Circle
0
0
1
331
201
50
Circle
0
0
1
352
246
50
Circle
0
0
1
377
335
50
Circle
0
0
1
419
337
50
Circle
0
0
1
594
326
50
Circle
0
0
1
639
370
50
Circle
0
0
1
641
412
50
